0 1
0 10
1 0
1 2
2 1
2 3
3 2
3 4
3 13
4 3
4 5
5 4
5 6
6 5
8 9
8 18
9 8
9 19
10 0
10 20
13 3
13 23
18 19
18 8
19 9
19 29
20 10
20 21
21 20
21 22
22 21
22 23
23 22
23 24
23 13
23 33
24 23
24 25
25 26
25 24
26 25
26 36
29 19
29 39
33 23
33 43
36 37
36 26
36 46
37 47
37 36
39 29
39 49
41 51
43 33
43 53
45 55
45 46
46 45
46 47
46 36
47 46
47 48
47 37
48 47
48 49
49 48
49 39
50 51
50 60
51 50
51 41
53 43
53 63
55 45
55 65
60 50
60 70
63 53
63 73
65 55
65 75
65 66
66 65
66 67
67 66
67 68
68 67
68 69
69 68
69 79
70 60
70 80
70 71
71 70
71 81
73 74
73 63
74 73
74 75
75 74
75 65
75 85
79 69
79 89
80 70
80 81
81 80
81 71
81 91
85 86
85 75
85 95
86 87
86 85
87 86
89 99
89 79
91 92
91 81
92 91
92 93
93 92
93 94
94 93
94 95
95 94
95 85
99 89
