0 1
0 10
1 0
1 2
1 11
2 1
2 3
2 12
3 2
3 4
3 13
4 3
4 5
4 14
5 4
5 6
5 15
6 5
6 7
6 16
7 6
7 8
7 17
8 7
8 9
8 18
9 8
9 19
10 0
10 20
10 11
11 10
11 21
11 1
11 12
12 13
12 11
12 22
12 2
13 23
13 3
13 14
13 12
14 13
14 15
14 24
14 4
15 5
15 25
15 14
15 16
16 15
16 17
16 6
16 26
17 18
17 16
17 7
17 27
18 28
18 8
18 17
18 19
19 18
19 9
19 29
20 21
20 10
20 30
21 11
21 31
21 22
21 20
22 23
22 21
22 32
22 12
23 24
23 22
23 33
23 13
24 25
24 23
24 14
24 34
25 15
25 35
25 26
25 24
26 27
26 25
26 36
26 16
27 17
27 37
27 26
27 28
28 18
28 38
28 27
28 29
29 28
29 39
29 19
30 31
30 40
30 20
31 32
31 30
31 41
31 21
32 33
32 31
32 42
32 22
33 34
33 32
33 43
33 23
34 35
34 33
34 24
34 44
35 36
35 34
35 45
35 25
36 37
36 35
36 46
36 26
37 38
37 36
37 47
37 27
38 39
38 37
38 48
38 28
39 38
39 49
39 29
40 41
40 30
40 20
41 40
41 42
41 51
41 31
42 43
42 41
42 32
42 52
43 44
43 42
43 53
43 33
44 54
44 34
44 45
44 43
45 46
45 44
45 55
45 35
46 47
46 45
46 36
46 56
47 57
47 37
47 48
47 46
48 49
48 47
48 38
48 58
49 48
49 59
49 39
50 60
50 40
50 51
51 50
51 52
51 61
51 41
52 42
52 62
52 53
52 51
53 52
53 54
53 63
53 43
54 55
54 64
54 44
54 53
55 54
55 56
55 65
55 45
56 55
56 57
56 66
56 46
57 47
57 67
57 58
57 56
58 57
58 59
58 48
58 68
59 49
59 69
59 58
60 61
60 50
60 70
61 60
61 62
61 71
61 51
62 52
62 72
62 63
62 61
63 62
63 64
63 73
63 53
64 65
64 63
64 74
64 54
65 66
65 64
65 75
65 55
66 76
66 56
66 67
66 65
67 77
67 57
67 66
67 68
68 78
68 58
68 69
68 67
69 79
69 59
69 68
70 50
70 60
70 71
71 81
71 61
71 70
71 72
72 62
72 82
72 73
72 71
73 63
73 83
73 72
73 74
74 64
74 84
74 73
74 75
75 65
75 85
75 74
75 76
76 66
76 86
76 75
76 77
77 67
77 87
77 76
77 78
78 68
78 88
78 77
78 79
79 69
79 89
79 78
80 70
80 90
80 81
81 71
81 91
81 80
81 82
82 92
82 72
82 81
82 83
83 93
83 73
83 82
83 84
84 94
84 74
84 83
84 85
85 95
85 75
85 86
85 84
86 96
86 76
86 85
86 87
87 97
87 77
87 86
87 88
88 89
88 87
88 98
88 78
89 79
89 99
89 88
90 91
90 80
91 90
91 92
91 81
92 91
92 93
92 81
93 94
93 92
93 83
94 95
94 93
94 84
95 85
95 94
95 96
96 95
96 86
96 97
97 87
97 98
97 96
98 88
98 97
98 99
99 98
99 89