0 10
0 1
1 0
1 2
2 3
2 1
3 2
3 13
6 7
6 16
7 6
7 8
8 7
8 9
9 8
9 19
10 0
10 20
13 3
13 23
13 14
14 13
14 24
16 6
16 26
19 9
19 29
20 10
20 21
21 22
21 20
22 21
22 23
23 24
23 22
23 33
23 13
24 14
24 25
24 23
25 26
25 24
26 25
26 27
26 36
26 16
27 26
27 28
28 27
28 29
29 19
29 28
33 23
33 43
36 26
36 46
41 42
41 51
42 41
42 43
43 33
43 42
43 44
44 43
44 54
46 36
46 47
46 56
47 57
47 46
51 41
51 61
54 44
54 64
56 46
56 66
56 57
57 47
57 56
57 58
58 57
58 59
59 58
59 69
61 51
61 71
63 64
63 73
64 63
64 54
64 74
66 56
66 76
69 59
69 79
71 61
71 81
73 63
73 83
73 74
74 64
74 73
74 75
75 74
75 76
76 75
76 77
76 66
77 87
77 76
79 69
79 89
81 82
81 71
82 81
82 83
83 82
83 73
87 77
87 97
89 99
89 79
95 96
96 95
96 97
97 96
97 87
99 89
