0 10
3 4
3 13
4 3
4 14
6 16
6 7
7 6
7 8
8 7
8 9
9 8
9 19
10 0
10 20
12 22
12 13
13 3
13 14
13 12
14 4
14 13
14 15
14 24
15 14
15 16
15 25
16 6
16 15
16 26
19 9
19 29
20 10
20 21
21 20
21 22
22 12
22 21
22 32
24 14
24 34
24 25
25 24
25 26
25 15
26 16
26 25
26 27
27 26
27 28
28 27
28 29
28 38
29 19
29 28
32 22
32 42
34 24
34 44
38 28
38 48
40 50
40 41
41 40
41 42
41 51
42 41
42 43
42 32
43 44
43 42
44 54
44 34
44 43
47 57
47 48
48 38
48 47
50 40
50 60
50 51
51 61
51 41
51 50
54 44
54 55
54 64
55 54
55 65
57 47
57 67
60 50
60 61
60 70
61 51
61 60
61 62
62 61
62 63
62 72
63 62
63 64
64 54
64 65
64 63
65 64
65 55
67 57
67 68
68 67
68 69
69 79
70 60
70 80
72 62
72 82
79 69
79 89
80 70
80 90
82 83
82 72
83 82
83 84
84 83
84 94
89 79
89 99
90 80
94 84
94 95
95 94
95 96
96 95
96 97
97 96
97 98
98 97
98 99
99 98
99 89

